MA_10429131g0010	Pg-02r141203s0383676	1309	98.243	8	100	0.0	2276.0	704	2000	1580	2885	4
MA_10429131g0010	Pg-02r141203s0383676	703	99.431	3	100	0.0	1275.0	1	703	924	1625	1
MA_52791g0010	Pg-02r141203s1817732	1931	97.877	29	96	0.0	3328.0	72	2000	295	2215	5
MA_234535g0010	Pg-02r141203s2357533	2001	97.701	45	100	0.0	3439.0	1	2000	11056	9056	1
MA_10430382g0010	Pg-02r141203s2189202	1356	97.714	12	67	0.0	2314.0	662	2000	4525	3172	4
MA_10430382g0010	Pg-02r141203s2934372	972	95.988	20	48	0.0	1561.0	662	1616	1079	110	4
MA_10430382g0010	Pg-02r141203s0950837	651	96.313	7	51	0.0	1053.0	498	1131	427	1077	2
MA_10430382g0010	Pg-02r141203s2067875	651	95.392	10	52	0.0	1018.0	498	1131	1185	1832	3
MA_116694g0010	Pg-02r141203s2003515	1161	98.88	13	99	0.0	2073.0	840	2000	3781	4941	0
MA_116694g0010	Pg-02r141203s2003515	839	99.285	6	99	0.0	1517.0	2	840	3108	3946	0
MA_116694g0010	Pg-02r141203s0490819	1161	98.88	13	99	0.0	2073.0	840	2000	2350	1190	0
MA_116694g0010	Pg-02r141203s0490819	839	99.285	6	99	0.0	1517.0	2	840	3023	2185	0
MA_14897g0020	Pg-02r141203s2930811	1337	96.485	46	81	0.0	2207.0	3	1338	105667	107003	1
MA_181884g0010	Pg-02r141203s2347546	2001	99.15	16	100	0.0	3600.0	1	2000	41302	39302	1
MA_449628g0010	Pg-02r141203s2769070	1564	98.274	23	100	0.0	2736.0	1	1564	97069	95510	2
MA_68993g0010	Pg-02r141203s2747497	856	98.364	13	43	0.0	1502.0	1146	2000	7130	6275	1
MA_10433025g0020	Pg-02r141203s2701192	2008	98.357	24	100	0.0	3517.0	1	2000	46799	48805	5
MA_37876g0020	Pg-02r141203s3360456	1147	96.164	44	57	0.0	1875.0	854	2000	170024	171170	0
MA_37876g0020	Pg-02r141203s2368178	885	96.045	32	48	0.0	1437.0	980	1863	282524	283406	3
MA_10433948g0010	Pg-02r141203s3341349	1994	98.546	23	99	0.0	3517.0	12	2000	90416	88424	3
MA_10433948g0010	Pg-02r141203s3341349	1994	98.546	23	99	0.0	3517.0	12	2000	94902	92910	3
MA_10433948g0010	Pg-02r141203s2936539	1994	98.546	23	99	0.0	3517.0	12	2000	194473	192481	3
MA_10433948g0010	Pg-02r141203s2936539	1994	98.546	23	99	0.0	3517.0	12	2000	205021	203029	3
MA_10431108g0010	Pg-02r141203s2409874	1030	97.379	23	51	0.0	1749.0	972	2000	343482	342456	3
MA_6231g0010	Pg-02r141203s2472418	2001	95.452	85	100	0.0	3186.0	1	2000	59287	61282	5
MA_10436527g0010	Pg-02r141203s2828752	946	97.146	16	47	0.0	1587.0	1066	2000	62954	62009	3
MA_8758266g0010	Pg-02r141203s2395915	922	98.915	10	100	0.0	1648.0	1	922	2541	1620	0
MA_407656g0010	Pg-02r141203s2080945	2005	98.753	18	100	0.0	3557.0	1	2000	2357	4359	5
MA_14080g0020	Pg-02r141203s2888029	2002	99.051	16	100	0.0	3589.0	1	2000	15898	17898	2
MA_10435993g0010	Pg-02r141203s2957057	626	97.604	14	99	0.0	1072.0	1	625	35184	35809	1
MA_10430322g0010	Pg-02r141203s2535505	1420	98.451	22	100	0.0	2501.0	441	1860	2832	1413	0
MA_10430322g0010	Pg-02r141203s3173472	552	97.826	10	53	0.0	952.0	441	992	704	1253	2
MA_10046850g0010	Pg-02r141203s2518199	933	99.143	8	100	0.0	1679.0	1	933	182192	181260	0
MA_10428475g0010	Pg-02r141203s2350381	2003	98.253	24	100	0.0	3494.0	1	2000	4716	2722	3
MA_9476g0010	Pg-02r141203s2939388	1834	97.383	45	99	0.0	3118.0	1	1834	294033	292203	3
MA_117731g0010	Pg-02r141203s2958008	1785	95.294	32	87	0.0	2784.0	1	1748	8743	10512	8
MA_10436664g0010	Pg-02r141203s2702420	1097	98.724	13	55	0.0	1947.0	905	2000	1327	231	1
MA_3931g0010	Pg-02r141203s3346684	1523	99.343	9	83	0.0	2756.0	478	2000	89235	87714	1
MA_10433687g0030	Pg-02r141203s2539313	729	98.217	6	100	0.0	1267.0	1	722	18771	18043	1
MA_465138g0010	Pg-02r141203s2373981	1199	98.582	17	93	0.0	2121.0	275	1473	393652	394850	0
MA_106792g0010	Pg-02r141203s2713084	2006	98.305	28	100	0.0	3511.0	1	2000	24088	26093	4
MA_2584g0010	Pg-02r141203s2674704	1970	95.33	38	100	0.0	3079.0	1	1942	53669	51726	19
MA_10435131g0020	Pg-02r141203s2521880	1080	97.685	11	100	0.0	1844.0	921	2000	187994	189059	3
MA_10435131g0020	Pg-02r141203s2521880	927	98.382	7	100	0.0	1622.0	1	927	187126	188044	1
MA_137185g0010	Pg-02r141203s2510565	2005	96.11	51	100	0.0	3245.0	1	2000	13716	11734	10
MA_19243g0010	Pg-02r141203s3123727	713	98.738	8	100	0.0	1266.0	1	713	25162	24451	1
MA_41068g0020	Pg-02r141203s2921936	1093	96.981	27	100	0.0	1831.0	1	1090	136594	135505	5
MA_38846g0010	Pg-02r141203s2517092	1368	99.488	7	79	0.0	2488.0	319	1686	141128	142495	0
MA_96527g0010	Pg-02r141203s1641448	1178	96.944	36	73	0.0	1977.0	507	1684	1661	484	0
MA_96527g0010	Pg-02r141203s2598840	892	96.188	34	45	0.0	1459.0	1074	1965	1571	680	0
MA_96527g0010	Pg-02r141203s2598840	741	96.086	29	45	0.0	1208.0	1225	1965	2683	1943	0
MA_96527g0010	Pg-02r141203s0608112	798	97.619	19	52	0.0	1369.0	507	1304	798	1	0
MA_10433024g0010	Pg-02r141203s0517240	848	95.047	42	82	0.0	1334.0	361	1208	4776	3929	0
MA_10433024g0010	Pg-02r141203s0517240	840	95.238	23	82	0.0	1314.0	1162	2000	3944	3121	4
MA_10184563g0010	Pg-02r141203s2934699	2000	98.6	28	100	0.0	3539.0	1	2000	140407	142406	0
MA_885527g0010	Pg-02r141203s3301028	916	98.253	16	100	0.0	1604.0	1	916	2043	1128	0
MA_10436538g0010	Pg-02r141203s1281565	1341	99.105	12	100	0.0	2410.0	1	1341	283	1623	0
MA_10436538g0010	Pg-02r141203s1281565	670	97.91	7	100	0.0	1153.0	1331	2000	1559	2221	1
MA_10436538g0010	Pg-02r141203s1281564	1343	98.66	9	100	0.0	2372.0	1	1341	283	1618	3
MA_10436538g0010	Pg-02r141203s1281564	670	97.761	8	100	0.0	1147.0	1331	2000	1554	2216	1
MA_10436538g0010	Pg-02r141203s1281563	828	99.396	5	41	0.0	1502.0	1	828	828	1	0
MA_10436538g0010	Pg-02r141203s0481860	828	99.396	5	41	0.0	1502.0	1	828	1704	2531	0
MA_904197g0010	Pg-02r141203s2435301	1359	99.411	8	100	0.0	2466.0	642	2000	73043	74401	0
MA_904197g0010	Pg-02r141203s2435301	650	99.231	4	100	0.0	1171.0	1	649	72466	73115	1
MA_10431106g0020	Pg-02r141203s2343422	647	99.227	5	32	0.0	1168.0	1354	2000	2766	2120	0
MA_73622g0010	Pg-02r141203s3203635	759	96.97	21	81	0.0	1273.0	1244	2000	51383	52141	2
MA_73622g0010	Pg-02r141203s3203635	681	96.916	21	81	0.0	1142.0	497	1177	50581	51261	0
MA_73622g0010	Pg-02r141203s2835319	759	96.97	21	81	0.0	1273.0	1244	2000	2978	2220	2
MA_73622g0010	Pg-02r141203s2835319	759	96.97	21	81	0.0	1273.0	1244	2000	10094	9336	2
MA_73622g0010	Pg-02r141203s2835319	681	96.916	21	81	0.0	1142.0	497	1177	3780	3100	0
MA_73622g0010	Pg-02r141203s2835319	681	96.916	21	81	0.0	1142.0	497	1177	10896	10216	0
MA_20586g0020	Pg-02r141203s2657563	1290	99.302	6	100	0.0	2329.0	712	2000	121683	122970	2
MA_20586g0020	Pg-02r141203s2657563	711	99.015	7	100	0.0	1275.0	1	711	121018	121728	0
MA_12220g0020	Pg-02r141203s2531838	1484	98.046	24	96	0.0	2575.0	520	2000	2792	4273	3
MA_12220g0020	Pg-02r141203s2386887	1471	98.165	22	93	0.0	2562.0	533	2000	32073	33541	2
MA_136209g0010	Pg-02r141203s2840723	2002	99.401	10	100	0.0	3629.0	1	2000	5363	7364	1
MA_136209g0010	Pg-02r141203s1582266	2002	99.401	10	100	0.0	3629.0	1	2000	5364	7365	1
MA_10677g0020	Pg-02r141203s2931596	1277	98.982	13	86	0.0	2287.0	362	1638	34560	33284	0
MA_21465g0010	Pg-02r141203s2347602	1392	98.635	17	100	0.0	2464.0	1	1390	193691	192300	1
MA_10429134g0010	Pg-02r141203s2611355	949	96.207	35	56	0.0	1565.0	633	1580	1469	521	1
MA_10429134g0010	Pg-02r141203s2611355	509	96.66	17	56	0.0	846.0	1250	1758	519	11	0
MA_10429134g0010	Pg-02r141203s2473267	794	97.355	21	40	0.0	1351.0	1207	2000	50300	51093	0
MA_10429134g0010	Pg-02r141203s2585617	503	98.211	8	25	0.0	878.0	16	517	1754	1252	1
MA_41607g0010	Pg-02r141203s2693347	1165	95.279	40	75	0.0	1832.0	839	2000	41425	40273	6
MA_10171844g0010	Pg-02r141203s2950674	1038	97.784	15	98	0.0	1783.0	25	1062	67554	68583	7
MA_14457g0020	Pg-02r141203s2701665	2007	98.306	27	100	0.0	3511.0	1	2000	147525	149531	4
MA_10433767g0010	Pg-02r141203s2943156	891	99.214	6	50	0.0	1605.0	1	890	31447	30557	1
MA_10433767g0010	Pg-02r141203s2349858	745	99.732	2	37	0.0	1365.0	1256	2000	102438	101694	0
MA_87371g0010	Pg-02r141203s2370203	696	96.983	13	100	0.0	1171.0	1309	2000	66357	65666	4
MA_87289g0010	Pg-02r141203s1993116	1398	97.353	21	100	0.0	2362.0	1	1382	141	1538	4
MA_87289g0010	Pg-02r141203s1993116	668	95.659	17	100	0.0	1062.0	1345	2000	1578	2245	1
MA_87289g0010	Pg-02r141203s2472295	1332	97.598	16	99	0.0	2274.0	1	1316	28924	27593	4
MA_87289g0010	Pg-02r141203s2470235	1323	97.581	16	100	0.0	2252.0	1	1307	43782	45104	4
MA_87289g0010	Pg-02r141203s2470235	793	95.586	22	100	0.0	1258.0	1221	2000	45107	45899	2
MA_32639g0010	Pg-02r141203s2433711	1547	98.125	18	77	0.0	2686.0	454	2000	6006	7541	2
MA_2332g0020	Pg-02r141203s2416184	2014	96.673	37	100	0.0	3321.0	1	2000	2349	4346	6
MA_69451g0010	Pg-02r141203s1659653	606	99.01	6	46	0.0	1086.0	705	1310	1	606	0
MA_69451g0010	Pg-02r141203s2517391	606	98.845	7	64	0.0	1081.0	705	1310	117988	118593	0
MA_18372g0010	Pg-02r141203s2519068	2000	96.7	59	100	0.0	3321.0	1	2000	178148	180140	2
MA_10429104g0010	Pg-02r141203s2701192	2012	97.614	36	100	0.0	3459.0	1	2000	78815	80826	4
MA_8008099g0010	Pg-02r141203s2055870	1232	97.646	18	97	0.0	2104.0	769	2000	2438	3658	7
MA_8008099g0010	Pg-02r141203s2017546	1232	97.646	18	97	0.0	2104.0	769	2000	5014	3794	7
MA_8008099g0010	Pg-02r141203s1097297	1232	97.646	18	97	0.0	2104.0	769	2000	3532	4752	7
MA_125231g0010	Pg-02r141203s2349316	1247	98.557	15	69	0.0	2200.0	754	2000	12248	11005	3
MA_141550g0010	Pg-02r141203s2972026	746	99.062	7	100	0.0	1339.0	757	1502	8149	7404	0
MA_74605g0010	Pg-02r141203s3193567	819	95.604	35	99	0.0	1312.0	1178	1995	2286	1468	1
MA_10123445g0010	Pg-02r141203s2825580	2000	99.3	14	100	0.0	3616.0	1	2000	78128	80127	0
MA_40805g0010	Pg-02r141203s2464126	2002	99.301	12	100	0.0	3618.0	1	2000	211273	209272	1
MA_10435590g0010	Pg-02r141203s2684454	1339	98.73	15	96	0.0	2377.0	1	1338	35146	36483	2
MA_10435590g0010	Pg-02r141203s2684454	574	96.864	7	96	0.0	950.0	1427	2000	32211	32773	1
MA_10435590g0010	Pg-02r141203s0814782	1339	98.73	15	96	0.0	2377.0	1	1338	6125	7462	2
MA_10435590g0010	Pg-02r141203s0814782	574	96.864	7	96	0.0	950.0	1427	2000	3190	3752	1
MA_10426505g0010	Pg-02r141203s2350331	562	96.619	13	99	0.0	928.0	1	561	18579	19135	4
MA_6817717g0010	Pg-02r141203s0415009	1834	98.637	11	100	0.0	3236.0	1	1834	4785	2966	1
MA_17694g0010	Pg-02r141203s0360450	1489	98.993	10	74	0.0	2662.0	515	2000	1	1487	2
MA_106351g0010	Pg-02r141203s2459785	2001	97.501	27	100	0.0	3397.0	1	2000	1774	3752	2
MA_10434163g0010	Pg-02r141203s2922723	906	95.364	31	45	0.0	1430.0	1	903	16666	17563	3
MA_10434163g0010	Pg-02r141203s3228165	554	95.126	24	34	0.0	870.0	898	1451	391	941	1
MA_10434163g0010	Pg-02r141203s2772936	505	97.03	15	49	0.0	850.0	1496	2000	63989	63485	0
MA_10434163g0010	Pg-02r141203s1925006	505	96.832	16	40	0.0	845.0	1496	2000	287	791	0
MA_20320g0020	Pg-02r141203s2345954	784	96.173	29	58	0.0	1280.0	835	1618	16	798	1
MA_20320g0020	Pg-02r141203s2983853	651	97.389	17	37	0.0	1109.0	1	651	1138	488	0
MA_20320g0020	Pg-02r141203s1216997	651	97.389	17	37	0.0	1109.0	1	651	24490	25140	0
MA_139275g0010	Pg-02r141203s3346684	766	96.214	26	100	0.0	1251.0	1	765	138485	137722	2
MA_10429572g0010	Pg-02r141203s2469454	942	95.648	29	68	0.0	1502.0	442	1383	104239	105168	4
MA_10429572g0010	Pg-02r141203s2349243	601	95.175	27	52	0.0	950.0	531	1129	41637	41037	2
MA_10429572g0010	Pg-02r141203s2455201	543	95.58	24	73	0.0	870.0	561	1103	12597	13139	0
MA_10433506g0020	Pg-02r141203s2347546	828	98.913	5	79	0.0	1476.0	533	1359	64290	63466	2
MA_10433506g0020	Pg-02r141203s2809573	654	99.388	3	33	0.0	1184.0	1348	2000	3965	3312	1
MA_10429268g0010	Pg-02r141203s3085282	1780	99.326	11	100	0.0	3219.0	1	1779	2462	4241	1
MA_10430021g0010	Pg-02r141203s3346358	788	96.574	23	100	0.0	1303.0	1	787	27461	26677	3
MA_10426105g0010	Pg-02r141203s2473267	2001	99.25	13	100	0.0	3611.0	1	2000	93933	95932	2
MA_71066g0010	Pg-02r141203s2525208	1352	97.189	20	98	0.0	2270.0	666	2000	6632	5282	3
MA_71066g0010	Pg-02r141203s2201331	1377	96.006	25	95	0.0	2211.0	648	2000	6652	5282	5
MA_10427227g0050	Pg-02r141203s2461624	1881	97.236	27	100	0.0	3162.0	1	1856	129884	131764	2
MA_927296g0010	Pg-02r141203s2410336	1521	98.882	17	100	0.0	2715.0	1	1521	1359	2879	0
MA_10430012g0010	Pg-02r141203s3322423	1726	99.421	10	99	0.0	3133.0	275	2000	115561	113836	0
MA_10689g0010	Pg-02r141203s2023590	2021	95.844	45	100	0.0	3230.0	1	2000	1436	3438	15
MA_10689g0010	Pg-02r141203s2023589	993	96.677	25	93	0.0	1644.0	1014	2000	2322	3312	6
MA_10689g0010	Pg-02r141203s2023589	887	95.941	19	93	0.0	1423.0	1	870	1436	2322	11
MA_108060g0010	Pg-02r141203s2805690	1746	97.824	33	100	0.0	3009.0	255	2000	7202	8942	1
MA_108060g0010	Pg-02r141203s2082470	1569	98.088	24	93	0.0	2726.0	432	2000	11623	10061	2
MA_108060g0010	Pg-02r141203s0450805	1364	98.314	18	68	0.0	2386.0	637	2000	14860	13502	1
MA_10436402g0020	Pg-02r141203s2730752	1233	98.459	19	62	0.0	2172.0	1	1233	966	2198	0
MA_10436402g0020	Pg-02r141203s0993343	814	95.577	34	41	0.0	1303.0	1189	2000	1210	2023	2
MA_10436402g0020	Pg-02r141203s2389043	682	98.974	7	34	0.0	1221.0	1319	2000	1	682	0
MA_218767g0010	Pg-02r141203s2825583	820	98.902	9	95	0.0	1465.0	871	1690	4482	5301	0
MA_10437183g0010	Pg-02r141203s2821558	1002	99.102	9	50	0.0	1801.0	999	2000	4310	5311	0
MA_10434306g0010	Pg-02r141203s2467610	2000	98.9	14	100	0.0	3565.0	1	2000	8711	6720	1
MA_3402g0010	Pg-02r141203s2857127	2000	98.1	37	100	0.0	3482.0	1	2000	134587	132589	1
MA_10430071g0010	Pg-02r141203s2741233	1348	98.368	13	74	0.0	2359.0	1	1341	19699	21044	3
MA_10430071g0010	Pg-02r141203s3363105	662	96.979	19	33	0.0	1110.0	1339	2000	158518	157858	1
MA_10435520g0010	Pg-02r141203s2786756	2001	99.7	4	100	0.0	3661.0	1	2000	72114	74113	2
MA_18547g0010	Pg-02r141203s2350495	1224	96.405	20	89	0.0	1995.0	801	2000	13364	12141	7
MA_18547g0010	Pg-02r141203s2461613	805	97.516	15	40	0.0	1371.0	1	801	30507	31310	2
MA_10427196g0010	Pg-02r141203s2844573	1439	99.305	10	97	0.0	2603.0	328	1766	78292	79730	0
MA_10431208g0010	Pg-02r141203s2934699	2000	99.4	11	100	0.0	3626.0	1	2000	141722	143720	1
MA_10435760g0010	Pg-02r141203s2703124	1010	98.713	13	99	0.0	1794.0	985	1994	14872	13863	0
MA_10435760g0010	Pg-02r141203s2703124	524	95.611	7	99	0.0	826.0	477	984	15352	14829	4
MA_10436985g0010	Pg-02r141203s1211217	1707	98.711	20	100	0.0	3029.0	1	1705	9337	7631	2
MA_79202g0010	Pg-02r141203s3070664	1061	95.005	49	77	0.0	1664.0	1	1061	683	1739	3
MA_79202g0010	Pg-02r141203s1961096	937	96.371	29	68	0.0	1539.0	338	1272	98	1031	4
MA_79202g0010	Pg-02r141203s2380224	937	95.624	36	76	0.0	1498.0	338	1272	2449	3382	4
MA_10435152g0020	Pg-02r141203s2373569	2032	97.638	13	100	0.0	3454.0	1	2000	74961	76989	5
MA_8045470g0010	Pg-02r141203s2812015	2001	98.401	20	100	0.0	3507.0	1	2000	165074	167063	3
MA_8045470g0010	Pg-02r141203s2404453	2001	98.401	20	100	0.0	3507.0	1	2000	19646	17657	3
MA_8045470g0010	Pg-02r141203s2378875	2001	98.401	20	100	0.0	3507.0	1	2000	63978	65967	3
MA_8045470g0010	Pg-02r141203s2212139	2001	98.401	20	100	0.0	3507.0	1	2000	7004	5015	3
MA_468458g0010	Pg-02r141203s2344853	682	98.974	7	100	0.0	1221.0	1	682	63653	64334	0
MA_14337g0010	Pg-02r141203s0368805	786	96.056	31	46	0.0	1280.0	968	1753	786	1	0
MA_14337g0010	Pg-02r141203s2679174	678	97.345	18	34	0.0	1153.0	3	680	26936	27613	0
MA_123631g0010	Pg-02r141203s2481786	1592	95.666	44	91	0.0	2534.0	145	1733	11	1580	7
MA_123631g0010	Pg-02r141203s1984841	1592	95.666	44	98	0.0	2534.0	145	1733	8413	6844	7
MA_165746g0010	Pg-02r141203s1757819	2000	98.1	38	100	0.0	3483.0	1	2000	3217	1218	0
MA_410602g0010	Pg-02r141203s0395843	1533	98.891	17	92	0.0	2737.0	468	2000	687	2219	0
MA_9285293g0010	Pg-02r141203s2485161	2003	97.454	29	100	0.0	3397.0	1	2000	64552	62569	7
MA_9285293g0010	Pg-02r141203s2047936	2002	97.303	33	100	0.0	3378.0	1	2000	4987	3005	6
MA_9285293g0010	Pg-02r141203s2453195	1638	97.375	22	82	0.0	2767.0	365	2000	7825	6207	6
MA_10122566g0010	Pg-02r141203s2439235	2001	98.401	20	100	0.0	3507.0	1	2000	664	2653	4
MA_10426331g0010	Pg-02r141203s2387129	2023	97.084	33	100	0.0	3386.0	1	2000	52016	49997	11
MA_18041g0010	Pg-02r141203s2943902	2000	99.1	17	100	0.0	3592.0	1	2000	238245	240243	1
MA_11827g0010	Pg-02r141203s3138296	2016	98.065	20	99	0.0	3489.0	1	1998	56429	58443	5
MA_10437243g0020	Pg-02r141203s3345564	2000	98.95	20	100	0.0	3576.0	1	2000	58195	56197	1
MA_13363g0010	Pg-02r141203s2918920	2002	97.952	22	100	0.0	3452.0	1	2000	20120	22104	5
MA_10436994g0040	Pg-02r141203s2074699	868	95.853	30	73	0.0	1399.0	206	1071	4701	3838	3
MA_10436994g0040	Pg-02r141203s0932099	868	95.853	30	73	0.0	1399.0	206	1071	2066	2929	3
MA_10436994g0040	Pg-02r141203s0932098	868	95.853	30	73	0.0	1399.0	206	1071	3261	2398	3
MA_102279g0010	Pg-02r141203s3095703	2002	99.201	14	100	0.0	3607.0	1	2000	20347	22348	2
MA_102279g0010	Pg-02r141203s2803532	2002	99.201	14	100	0.0	3607.0	1	2000	3311	1310	2
MA_184831g0020	Pg-02r141203s2938374	1567	96.426	16	100	0.0	2547.0	1	1537	8809	10365	4
MA_10436236g0010	Pg-02r141203s2811938	2011	97.911	27	100	0.0	3467.0	1	2000	4206	2200	6
MA_10436236g0010	Pg-02r141203s2811938	2011	97.911	27	100	0.0	3467.0	1	2000	12243	10237	6
MA_796543g0010	Pg-02r141203s2720826	699	96.28	26	93	0.0	1147.0	123	821	3479	2781	0
MA_20169g0010	Pg-02r141203s0393619	1958	99.285	13	100	0.0	3537.0	1	1958	4442	6398	1
MA_8775185g0010	Pg-02r141203s2943454	1063	99.247	5	100	0.0	1916.0	1	1062	39889	38829	2
MA_8775185g0010	Pg-02r141203s2287857	1063	99.247	5	100	0.0	1916.0	1	1062	2350	3410	2
MA_8775185g0010	Pg-02r141203s3198487	1012	99.308	4	95	0.0	1827.0	52	1062	19518	18509	2
MA_8775185g0010	Pg-02r141203s2530311	1012	99.308	4	95	0.0	1827.0	52	1062	8069	7060	2
MA_10437243g0010	Pg-02r141203s2709848	1265	98.577	18	63	0.0	2237.0	736	2000	7825	6561	0
MA_106416g0010	Pg-02r141203s2491723	1985	97.078	27	99	0.0	3315.0	7	1984	24447	26407	8
MA_106416g0010	Pg-02r141203s3314667	1981	96.365	44	99	0.0	3234.0	9	1984	5284	3327	7
MA_106416g0010	Pg-02r141203s3314667	1869	96.255	40	99	0.0	3037.0	9	1872	7550	5707	9
MA_106416g0010	Pg-02r141203s2506516	640	97.656	10	32	0.0	1094.0	1349	1984	12113	11475	3
MA_114496g0010	Pg-02r141203s3224492	1512	96.23	47	80	0.0	2477.0	1	1502	1732	221	1
MA_10435465g0010	Pg-02r141203s2457013	979	96.527	20	98	0.0	1607.0	1032	2000	42922	43896	6
MA_10435465g0010	Pg-02r141203s2457013	674	99.258	5	98	0.0	1218.0	315	988	42265	42938	0
MA_111413g0010	Pg-02r141203s2517092	2000	99.65	7	100	0.0	3655.0	1	2000	72721	74720	0
MA_10437152g0020	Pg-02r141203s3024455	2001	98.751	23	100	0.0	3555.0	1	2000	196473	194474	2
MA_41124g0010	Pg-02r141203s2702707	1078	95.176	33	98	0.0	1685.0	1	1060	16240	17316	2
MA_41124g0010	Pg-02r141203s2702707	909	95.27	28	98	0.0	1426.0	1103	2000	17317	18221	7
MA_3338g0010	Pg-02r141203s2449838	1407	96.802	12	100	0.0	2318.0	609	2000	78722	77334	9
MA_3338g0010	Pg-02r141203s2449838	609	99.179	4	100	0.0	1096.0	1	608	79393	78785	1
MA_10426836g0010	Pg-02r141203s2593924	2023	98.072	14	100	0.0	3496.0	1	2000	4904	6924	3
MA_10426836g0010	Pg-02r141203s2493034	2023	98.072	14	100	0.0	3496.0	1	2000	994	3014	3
MA_10425853g0010	Pg-02r141203s1419216	1326	96.229	23	65	0.0	2146.0	702	2000	24	1349	6
MA_10425853g0010	Pg-02r141203s2422243	1188	98.148	18	59	0.0	2069.0	817	2000	51841	53028	1
MA_10425853g0010	Pg-02r141203s2409755	705	96.312	22	35	0.0	1155.0	1	701	7452	6748	1
MA_10425853g0010	Pg-02r141203s0934897	703	95.875	25	35	0.0	1134.0	1	699	2331	1629	1
MA_24533g0010	Pg-02r141203s2487142	2013	97.466	33	100	0.0	3419.0	1	2000	40059	38052	5
MA_10426933g0010	Pg-02r141203s2406546	1184	97.551	28	59	0.0	2025.0	1	1183	118091	119274	1
MA_10426933g0010	Pg-02r141203s2475904	997	96.991	15	49	0.0	1661.0	1016	2000	9539	10532	3
MA_22288g0010	Pg-02r141203s2855867	1727	98.147	29	100	0.0	3009.0	1	1725	78447	76722	2
MA_65293g0010	Pg-02r141203s3166056	1466	96.589	25	97	0.0	2407.0	1	1441	58632	57167	5
MA_65293g0010	Pg-02r141203s3166056	507	96.647	7	97	0.0	833.0	1498	2000	57110	56610	3
MA_86211g0010	Pg-02r141203s2790933	1260	98.492	17	93	0.0	2220.0	741	2000	21503	20246	1
MA_86211g0010	Pg-02r141203s2790933	626	97.923	13	93	0.0	1085.0	147	772	22148	21523	0
MA_86211g0010	Pg-02r141203s2385787	1260	98.492	17	100	0.0	2220.0	741	2000	9739	8482	1
MA_86211g0010	Pg-02r141203s2385787	772	98.057	15	100	0.0	1343.0	1	772	10530	9759	0
MA_86211g0010	Pg-02r141203s2370549	1260	98.492	17	100	0.0	2220.0	741	2000	35173	33916	1
MA_86211g0010	Pg-02r141203s2370549	772	98.057	15	100	0.0	1343.0	1	772	35964	35193	0
MA_10428736g0010	Pg-02r141203s2685091	1313	98.096	10	92	0.0	2272.0	1	1298	54194	52882	2
MA_10428736g0010	Pg-02r141203s2685091	542	99.631	2	92	0.0	990.0	1459	2000	52823	52282	0
MA_10428736g0010	Pg-02r141203s2210793	1313	98.096	10	92	0.0	2272.0	1	1298	9514	8202	2
MA_10428736g0010	Pg-02r141203s2210793	542	99.631	2	92	0.0	990.0	1459	2000	8143	7602	0
MA_424432g0010	Pg-02r141203s3227172	1274	98.509	12	82	0.0	2241.0	289	1562	12120	10854	2
MA_2427g0010	Pg-02r141203s2355065	870	98.276	7	100	0.0	1517.0	1	870	11741	10880	1
MA_2427g0010	Pg-02r141203s2355065	719	99.861	1	100	0.0	1323.0	1282	2000	10589	9871	0
MA_10436866g0010	Pg-02r141203s2107156	1326	95.098	26	100	0.0	2052.0	1	1292	3648	2328	9
MA_10436866g0010	Pg-02r141203s0892941	1326	95.023	27	100	0.0	2047.0	1	1292	3195	4515	9
MA_181749g0010	Pg-02r141203s2506735	1529	96.207	29	98	0.0	2475.0	33	1553	22944	24451	12
MA_10431543g0010	Pg-02r141203s2726987	1165	96.567	28	99	0.0	1919.0	847	2000	13541	14704	4
MA_10431543g0010	Pg-02r141203s2726987	822	97.324	22	99	0.0	1397.0	1	822	12769	13590	0
MA_10432287g0010	Pg-02r141203s2472572	2000	98.95	21	100	0.0	3578.0	1	2000	42463	40464	0
MA_14500g0010	Pg-02r141203s2214611	723	95.712	31	73	0.0	1164.0	448	1170	1893	1171	0
MA_14500g0010	Pg-02r141203s1394738	721	95.007	36	77	0.0	1133.0	448	1168	182	902	0
MA_932160g0010	Pg-02r141203s2441799	2000	99.7	5	99	0.0	3659.0	2	2000	12587	14586	1
MA_39658g0010	Pg-02r141203s3267484	1998	99.349	12	99	0.0	3616.0	1	1998	13614	11618	1
MA_39658g0010	Pg-02r141203s2440766	1998	99.349	12	99	0.0	3616.0	1	1998	149363	151359	1
MA_91896g0010	Pg-02r141203s2955710	1383	96.385	38	98	0.0	2266.0	197	1579	92983	91613	6
MA_40639g0010	Pg-02r141203s2360384	716	98.603	10	36	0.0	1267.0	1285	2000	3653	2938	0
MA_1787g0020	Pg-02r141203s3052285	1997	97.797	23	99	0.0	3424.0	4	2000	49229	51204	2
MA_637235g0010	Pg-02r141203s2885201	1112	95.324	32	99	0.0	1748.0	895	2000	31667	30570	11
MA_637235g0010	Pg-02r141203s2885201	997	95.687	28	99	0.0	1598.0	4	996	32652	31667	4
MA_637235g0010	Pg-02r141203s3358446	613	97.227	9	51	0.0	1031.0	1396	2000	5260	4648	2
MA_3312g0010	Pg-02r141203s1950521	1261	97.224	31	93	0.0	2132.0	1	1260	1728	2985	3
MA_3312g0010	Pg-02r141203s1950522	1272	96.541	29	93	0.0	2091.0	1	1260	1878	3146	4
MA_3312g0010	Pg-02r141203s2966321	834	97.242	19	71	0.0	1410.0	428	1260	8007	7177	3
MA_3312g0010	Pg-02r141203s2747428	834	97.242	19	71	0.0	1410.0	428	1260	25336	24506	3
MA_10435569g0010	Pg-02r141203s2638699	2000	98.15	15	100	0.0	3469.0	1	2000	72575	74552	2
MA_7938640g0010	Pg-02r141203s2351264	2000	99.2	15	99	0.0	3603.0	2	2000	110372	108373	1
MA_10434779g0010	Pg-02r141203s2484543	2000	99.1	17	100	0.0	3592.0	1	2000	9475	11473	1
MA_10434779g0010	Pg-02r141203s2227921	1776	98.705	23	89	0.0	3153.0	1	1776	71	1846	0
MA_10434779g0010	Pg-02r141203s2227920	1572	99.109	14	79	0.0	2826.0	1	1572	71	1642	0
MA_10434779g0010	Pg-02r141203s0592802	906	99.558	4	45	0.0	1652.0	1	906	1362	2267	0
MA_10434779g0010	Pg-02r141203s0963330	719	98.053	14	36	0.0	1251.0	1281	1999	1	719	0
MA_6194g0010	Pg-02r141203s2763153	1030	99.126	9	98	0.0	1853.0	1	1030	56090	57119	0
MA_6194g0010	Pg-02r141203s2763153	832	98.918	8	98	0.0	1485.0	1058	1889	57088	57918	1
MA_15897g0010	Pg-02r141203s2477488	1718	99.127	15	86	0.0	3090.0	283	2000	24072	22355	0
MA_15897g0010	Pg-02r141203s1328830	1718	99.127	15	86	0.0	3090.0	283	2000	6852	5135	0
MA_10426609g0010	Pg-02r141203s2410828	863	98.378	12	92	0.0	1515.0	1140	2000	83153	82291	1
MA_10426609g0010	Pg-02r141203s2410828	527	99.051	4	92	0.0	944.0	1	527	84277	83752	1
MA_16797g0020	Pg-02r141203s2914462	1788	96.421	45	96	0.0	2929.0	1	1776	89834	91614	8
MA_18853g0010	Pg-02r141203s1134021	1930	98.394	9	96	0.0	3373.0	1	1910	3234	5161	2
MA_26178g0010	Pg-02r141203s2851760	979	97.549	16	100	0.0	1668.0	50	1028	2015	2985	1
MA_26178g0010	Pg-02r141203s2851760	733	98.499	11	100	0.0	1293.0	1026	1758	2937	3669	0
MA_79681g0010	Pg-02r141203s2421355	2005	97.556	39	99	0.0	3422.0	2	2000	176019	174019	6
MA_10432065g0010	Pg-02r141203s3257636	1055	96.493	27	100	0.0	1735.0	947	2000	43686	44731	3
MA_10432065g0010	Pg-02r141203s3257636	1055	96.398	28	100	0.0	1729.0	947	2000	36453	37498	3
MA_10432065g0010	Pg-02r141203s3257636	978	96.728	24	100	0.0	1622.0	1	970	35438	36415	6
MA_10432065g0010	Pg-02r141203s3257636	971	96.395	28	100	0.0	1592.0	1	964	42671	43641	5
MA_10432065g0010	Pg-02r141203s3257636	860	96.395	21	100	0.0	1408.0	1142	2000	51708	52558	3
MA_10432065g0010	Pg-02r141203s2512131	831	97.112	17	41	0.0	1395.0	1	824	19327	20157	5
MA_10429414g0020	Pg-02r141203s2491850	1776	98.874	17	89	0.0	3166.0	226	2000	98687	100460	3
MA_173651g0020	Pg-02r141203s2049956	1367	95.538	34	100	0.0	2165.0	1	1357	20940	19591	14
MA_173651g0020	Pg-02r141203s2049956	1041	98.271	13	100	0.0	1818.0	964	2000	19933	18894	2
MA_173651g0020	Pg-02r141203s0785214	1041	98.271	13	100	0.0	1818.0	964	2000	1038	2077	2
MA_173651g0020	Pg-02r141203s2865168	892	98.767	8	45	0.0	1583.0	1	890	891	1	3
MA_173651g0020	Pg-02r141203s2495581	892	98.767	8	45	0.0	1583.0	1	890	891	1	3
MA_10432298g0010	Pg-02r141203s3269961	792	99.621	2	93	0.0	1445.0	532	1322	232382	233173	1
MA_10432298g0010	Pg-02r141203s3269961	543	99.263	4	93	0.0	981.0	1458	2000	233335	233877	0
MA_10432298g0010	Pg-02r141203s3269961	531	98.87	6	93	0.0	948.0	1	531	231892	232422	0
MA_2465g0010	Pg-02r141203s2982840	863	97.219	14	100	0.0	1452.0	1	863	8420	9272	1
MA_2465g0010	Pg-02r141203s2985177	765	96.601	23	88	0.0	1266.0	101	863	15295	14532	3
MA_97681g0010	Pg-02r141203s2879202	2013	98.46	17	100	0.0	3533.0	1	2000	28618	26607	3
MA_10433506g0010	Pg-02r141203s2093995	2003	97.803	37	100	0.0	3448.0	1	2000	1039	3037	5
MA_10433506g0010	Pg-02r141203s2483260	1390	98.345	23	96	0.0	2440.0	1	1390	15053	16442	0
MA_10433506g0010	Pg-02r141203s2483260	523	96.367	12	96	0.0	854.0	1481	2000	16440	16958	3
MA_10433506g0010	Pg-02r141203s2093994	1163	98.882	13	58	0.0	2076.0	1	1163	1163	1	0
MA_36094g0010	Pg-02r141203s3210747	1577	95.244	75	79	0.0	2497.0	1	1577	73357	71781	0
MA_36094g0010	Pg-02r141203s2459098	1577	95.244	74	79	0.0	2495.0	1	1576	35164	33588	1
MA_97951g0010	Pg-02r141203s2812475	2001	97.251	53	100	0.0	3389.0	1	2000	1562	3561	2
MA_97951g0010	Pg-02r141203s2944174	896	96.875	28	68	0.0	1500.0	1105	2000	73329	74224	0
MA_97951g0010	Pg-02r141203s0514515	896	96.875	28	45	0.0	1500.0	1105	2000	2896	2001	0
MA_1921g0010	Pg-02r141203s2852204	762	98.294	12	69	0.0	1334.0	1239	2000	71277	72037	1
MA_17431g0010	Pg-02r141203s2433199	2003	99.351	10	100	0.0	3624.0	1	2000	14429	16431	2
MA_10436455g0010	Pg-02r141203s2660874	2020	96.584	45	100	0.0	3339.0	1	2000	3893	5908	10
MA_187851g0010	Pg-02r141203s2533956	1531	99.543	7	94	0.0	2789.0	470	2000	242106	240576	0
MA_455893g0010	Pg-02r141203s0414546	727	98.487	9	100	0.0	1280.0	1	725	1980	1254	1
MA_16047g0010	Pg-02r141203s2396286	2003	97.803	21	100	0.0	3434.0	1	2000	47915	49897	3
MA_9910264g0010	Pg-02r141203s2391328	1495	97.592	12	89	0.0	2540.0	183	1653	6780	5286	6
MA_10434317g0010	Pg-02r141203s2499222	1031	98.739	7	99	0.0	1827.0	410	1440	13293	12269	1
MA_10434317g0010	Pg-02r141203s2226546	1031	98.739	4	99	0.0	1823.0	410	1440	1486	2507	2
MA_37513g0010	Pg-02r141203s3150478	1242	96.296	46	62	0.0	2039.0	1	1242	612	1853	0
MA_37513g0010	Pg-02r141203s2694850	870	98.276	11	44	0.0	1520.0	1131	2000	163694	162829	1
MA_91656g0010	Pg-02r141203s2126090	1129	98.317	14	100	0.0	1975.0	1	1125	4878	3751	3
MA_91656g0010	Pg-02r141203s2720931	1131	98.143	14	100	0.0	1965.0	1	1125	335	1464	3
MA_10433576g0020	Pg-02r141203s3254202	1380	97.174	20	69	0.0	2314.0	504	1879	1	1365	2
MA_10433576g0020	Pg-02r141203s2378407	822	97.689	15	72	0.0	1410.0	419	1236	12526	13347	1
MA_10429691g0010	Pg-02r141203s2372975	1002	97.904	21	100	0.0	1735.0	1	1002	11941	10940	0
MA_10429691g0010	Pg-02r141203s3339151	1004	97.709	18	100	0.0	1722.0	1	1002	9098	8098	2
MA_141135g0010	Pg-02r141203s3322423	2012	98.559	17	100	0.0	3544.0	1	2000	64285	62274	1
MA_108407g0010	Pg-02r141203s2400209	1355	96.9	28	99	0.0	2257.0	2	1354	7385	6043	5
MA_282843g0010	Pg-02r141203s3300982	2000	98.4	10	100	0.0	3496.0	1	2000	1604	3581	1
MA_282843g0010	Pg-02r141203s2352424	2000	98.4	10	100	0.0	3496.0	1	2000	4460	6437	1
MA_165131g0010	Pg-02r141203s2800610	2001	98.451	30	100	0.0	3524.0	1	2000	12426	14426	1
MA_10434186g0010	Pg-02r141203s2945803	1482	99.325	10	100	0.0	2682.0	1	1482	42431	43912	0
MA_26383g0010	Pg-02r141203s2833744	2009	97.611	36	100	0.0	3434.0	1	2000	4209	6214	6
MA_297495g0010	Pg-02r141203s2815404	2031	96.16	20	100	0.0	3265.0	1	2000	8124	6121	11
MA_10436447g0010	Pg-02r141203s2759904	843	99.881	1	76	0.0	1552.0	1018	1860	5446	4604	0
MA_99694g0010	Pg-02r141203s0693274	1859	97.633	33	100	0.0	3179.0	153	2000	2627	4485	2
MA_10427483g0010	Pg-02r141203s3161100	687	97.962	5	100	0.0	1182.0	1	678	10453	9767	1
MA_10436124g0010	Pg-02r141203s2881738	2000	99.5	10	100	0.0	3639.0	1	2000	230917	228918	0
MA_10431534g0020	Pg-02r141203s2802862	1536	97.982	25	85	0.0	2660.0	160	1695	1530	1	1
MA_10428034g0020	Pg-02r141203s2675437	2001	97.951	32	100	0.0	3459.0	1	2000	16881	18873	4
MA_202239g0010	Pg-02r141203s2429768	584	98.288	10	67	0.0	1024.0	1	584	48881	48298	0
MA_10489g0010	Pg-02r141203s2482183	923	97.291	13	76	0.0	1555.0	1	911	12190	13112	3
MA_10489g0010	Pg-02r141203s2482183	615	99.512	3	76	0.0	1120.0	1383	1997	14619	15233	0
MA_10489g0010	Pg-02r141203s3303745	565	98.938	6	46	0.0	1011.0	1	565	1110	546	0
MA_5849g0010	Pg-02r141203s2421118	2000	98.7	25	100	0.0	3548.0	1	2000	127861	125863	1
MA_27424g0010	Pg-02r141203s3340026	1138	97.803	20	99	0.0	1958.0	868	2000	9752	10889	2
MA_10432856g0030	Pg-02r141203s2420524	675	98.519	7	84	0.0	1188.0	722	1394	2276	2949	2
MA_10432856g0030	Pg-02r141203s2420524	624	99.84	1	84	0.0	1147.0	1377	2000	2881	3504	0
MA_120068g0010	Pg-02r141203s2095946	561	96.257	7	94	0.0	907.0	1	551	4057	3501	10
MA_120068g0010	Pg-02r141203s2997965	570	95.263	8	94	0.0	885.0	1	551	1838	2407	9
MA_113276g0030	Pg-02r141203s2443068	2012	96.272	47	100	0.0	3275.0	1	2000	227571	225576	3
MA_10336774g0010	Pg-02r141203s2244046	939	96.06	36	85	0.0	1528.0	1063	2000	726	1664	1
MA_10336774g0010	Pg-02r141203s2521128	918	96.405	32	46	0.0	1511.0	1084	2000	3859	2942	1
MA_10336774g0010	Pg-02r141203s2168437	916	95.415	39	46	0.0	1456.0	1087	2000	1	915	2
MA_10336774g0010	Pg-02r141203s0486801	859	96.275	31	43	0.0	1408.0	1	859	75	932	1
MA_10336774g0010	Pg-02r141203s2240208	865	95.838	33	80	0.0	1395.0	1	865	1916	2777	2
MA_10436554g0010	Pg-02r141203s2418152	2024	97.53	17	100	0.0	3430.0	1	2000	4666	2652	4
MA_65409g0010	Pg-02r141203s2535763	872	96.216	10	90	0.0	1406.0	1142	2000	21855	22716	6
MA_65409g0010	Pg-02r141203s2535763	786	96.819	12	90	0.0	1301.0	1	785	21325	22098	4
MA_39570g0010	Pg-02r141203s2728304	2002	99.151	15	100	0.0	3602.0	1	2000	4586	2585	2
MA_39570g0010	Pg-02r141203s2728304	748	98.797	8	100	0.0	1332.0	1	747	6449	5702	1
MA_39570g0010	Pg-02r141203s3346946	1242	98.953	11	62	0.0	2220.0	761	2000	26705	27946	2
MA_39570g0010	Pg-02r141203s3346946	1242	98.953	11	62	0.0	2220.0	761	2000	31102	32343	2
MA_25928g0010	Pg-02r141203s2939259	1993	97.04	49	99	0.0	3345.0	1	1992	194810	196793	7
MA_17785g0010	Pg-02r141203s1936186	1546	95.86	38	77	0.0	2477.0	455	2000	4599	3080	5
MA_17785g0010	Pg-02r141203s0622516	1546	95.86	38	77	0.0	2477.0	455	2000	1909	3428	5
MA_17785g0010	Pg-02r141203s2835075	1169	95.808	40	58	0.0	1879.0	1	1169	1935	776	7
MA_17785g0010	Pg-02r141203s2649962	852	95.657	29	73	0.0	1362.0	318	1169	1	844	6
MA_10436758g0010	Pg-02r141203s2354220	2019	98.514	11	100	0.0	3544.0	1	2000	61979	63997	2
MA_74102g0010	Pg-02r141203s2915301	1089	97.521	25	99	0.0	1860.0	1	1089	6755	5669	2
MA_74102g0010	Pg-02r141203s2915301	756	96.958	17	99	0.0	1264.0	1248	1998	5514	4760	2
MA_88843g0010	Pg-02r141203s2929516	1654	98.065	27	99	0.0	2872.0	350	2000	36906	38557	4
MA_88843g0010	Pg-02r141203s2518005	1654	97.34	40	99	0.0	2808.0	350	2000	48759	50411	3
MA_88843g0010	Pg-02r141203s2836879	594	98.653	5	30	0.0	1050.0	1410	2000	102295	101702	2
MA_104034g0010	Pg-02r141203s2457886	2014	96.872	48	99	0.0	3356.0	2	2000	135672	137685	8
MA_10430572g0010	Pg-02r141203s2418877	1737	98.964	14	98	0.0	3105.0	1	1737	52106	53838	1
MA_10436812g0020	Pg-02r141203s2468707	2014	98.361	19	100	0.0	3524.0	1	2000	12893	14906	4
MA_10432281g0010	Pg-02r141203s2451404	1257	97.852	26	99	0.0	2170.0	2	1257	19305	18049	1
MA_10432281g0010	Pg-02r141203s2451404	736	96.196	23	99	0.0	1199.0	1268	1999	17097	16363	4
MA_10432281g0010	Pg-02r141203s2955666	1258	97.774	26	99	0.0	2167.0	2	1257	32428	31171	2
MA_10432281g0010	Pg-02r141203s2955666	736	96.196	23	99	0.0	1199.0	1268	1999	25129	24395	4
MA_10430653g0010	Pg-02r141203s2851440	1527	99.28	9	98	0.0	2758.0	20	1544	26857	28383	1
MA_5664g0010	Pg-02r141203s2088829	714	95.658	12	96	0.0	1129.0	29	726	5127	4417	7
MA_5664g0010	Pg-02r141203s2088828	714	95.658	12	96	0.0	1129.0	29	726	5097	4387	7
MA_5664g0010	Pg-02r141203s2643717	505	99.604	1	25	0.0	920.0	1	505	504	1	1
MA_10429863g0010	Pg-02r141203s2455174	1448	96.409	38	100	0.0	2374.0	1	1435	179453	178007	3
MA_39759g0010	Pg-02r141203s0724807	1369	95.325	62	68	0.0	2174.0	1	1368	1953	586	2
MA_39759g0010	Pg-02r141203s2944672	1370	95.109	63	68	0.0	2156.0	1	1368	160805	162172	3
MA_39759g0010	Pg-02r141203s2526089	1366	95.168	62	68	0.0	2154.0	3	1367	1786	424	2
MA_39759g0010	Pg-02r141203s2386644	1370	95.036	65	68	0.0	2150.0	1	1368	11065	9697	3
MA_10432790g0010	Pg-02r141203s2436354	2002	99.051	14	100	0.0	3587.0	1	2000	55044	57042	3
MA_2328g0010	Pg-02r141203s2349671	1046	97.323	28	97	0.0	1777.0	59	1104	100210	99165	0
MA_2328g0010	Pg-02r141203s2349671	711	96.203	24	97	0.0	1168.0	1052	1761	99092	98384	3
MA_10430947g0010	Pg-02r141203s1972928	1279	97.576	15	100	0.0	2176.0	358	1636	1822	560	1
MA_10430947g0010	Pg-02r141203s1786382	1279	97.576	15	100	0.0	2176.0	358	1636	3252	4514	1
